-9.21938493 6.64184166
-6.51354444 -7.43399854
-2.7204611 9.25843815
-6.24836975 -7.51094257
-8.67732344 7.57587595
-7.32536854 -7.13494357
4.78894738 2.41216499
4.54102649 2.13387034
4.68356373 2.40905993
-3.02714473 9.18335024
-2.75416985 9.06420129
-6.77727022 -6.29189535
-6.64475349 -6.74646649
4.1420281 1.4348767
-2.17688766 9.09140185
-9.32022938 7.5406355
-8.7138169 7.69575538
4.60747428 2.42475949
-9.2360636 7.39269921
-8.62537083 7.2907499
-2.71773558 8.80470774
-8.87302353 7.4770413
-9.03925949 7.70890237
4.80250686 2.66528614
4.62375712 2.67725933
-2.71648507 9.48999113
4.002962 1.78387929
-8.55677745 6.93780202
-9.27693451 7.67771099
-7.43625501 -7.47431507
-7.18563832 -6.77559543
4.77313296 2.09064456
-6.96618963 -6.74441329
-8.31695975 6.95421587
-1.79855186 9.35963176
-2.77948503 8.88302394
-2.47880993 8.37314944
-2.36335984 8.8409991
5.05180979 2.12110768
4.68117119 1.07876367
-9.45827897 6.90150165
4.42425043 1.88962314
-6.89524749 -7.40601471
-3.10688135 9.10287368
-2.56123935 8.87878947
-7.35766386 -6.666993
-7.60299465 -6.79702436
-8.76039634 7.49691574
-8.83247691 7.97761325
4.27605671 1.74737901
3.46099354 2.34302581
4.64217989 1.86760547
5.00551546 2.5834777
-6.76267993 -6.5282893
-8.46840068 8.17707976
-8.93888601 7.64482314
-2.96497163 9.15569743
-2.4003146 8.15331002
5.30493116 1.73994809
-3.28541065 8.76125674
-6.74774458 -7.20156773
4.32395494 1.82572172
-8.94875241 6.98434164
-7.74307424 -6.89204084
-8.95742333 8.54759904
-8.74198557 6.76294047
-6.8525236 -5.77165064
-9.23860925 6.95640829
4.40148674 2.20414003
-6.76372952 -6.91361026
4.4856573 1.61214491
-6.76690541 -6.7242079
-9.37441433 7.61897204
-2.35456939 8.22091806
-6.83478408 -7.10667364
-8.4048085 7.50927433
-6.52366281 -7.28933395
-8.81213383 6.80918628
-6.03084354 -6.80154958
-7.57742574 -6.84925625
4.80261505 1.68286579
-7.23209117 -7.02503728
-2.13905241 8.46490649
-7.99872923 7.53674773
-2.51527137 8.53831621
-2.41520901 8.13243457
-1.84965568 8.91268679
-7.2933681 -6.18263911
-3.17453252 8.69035623
4.46343017 1.31458796
4.67905002 1.83861638
-6.36535692 -6.54173973
-2.91780846 8.37874946
-6.6155415 -5.89440456
-2.7799656 9.84781131
-2.81381252 9.28954046
-2.04524784 9.43336218
4.56730027 2.15499257
-8.3509547 7.79773384
4.26223095 1.83402411
