lambda [*] :=
 1   8.58282e-08   14  52.4669        27   8.34006e-08   40 256
 2   1.72437e-06   15 256             28   2.85054e-08   41 190.584
 3   3.93893e-08   16   1.20263e-07   29 256             42 256
 4   2.40116e-07   17   1.90724e-07   30 256             43 212.575
 5   9.16464e-08   18   9.90257e-07   31 256             44   2.44642e-07
 6   3.50258e-08   19   6.65233e-08   32   6.89553e-08   45   3.64185e-08
 7   6.09135e-08   20   5.33598e-08   33   7.43177e-08   46 136.726
 8   6.87677e-08   21 256             34   5.31297e-08   47   1.05193e-07
 9   5.41492e-08   22 256             35   3.06191e-08   48   2.28822e-08
10   1.2331e-06    23   1.40689e-07   36   3.2936e-08    49 256
11 256             24 256             37   6.91425e-08   50   2.07461e-08
12 211.184         25 256             38   3.74711e-08
13   7.1206e-08    26 256             39 256
;

